0.50,
0.70,
0.91,
0.71,
0.78,
0.75,
0.75,
0.83,
0.85,
0.64,
0.82,
0.80,
0.73,
0.75,
0.62,
0.92,
0.83,
0.67,
1.00,
0.75,
0.92,
0.57,
0.62,
0.75,
0.56,
0.80,
0.83,
0.91,
0.57,
0.82,
0.71,
0.50,
0.71,
0.67,
1.00,
0.89,
0.83,
0.85,
0.75,
0.80,
0.92,
0.93,
1.00,
0.43,
0.85,
0.80,
0.67,
0.80,
0.75,
0.83,
0.87,
0.67,
0.91,
0.33,
0.80,
0.73,
0.80,
0.93,
0.91,
0.92,
0.83,
0.93,
0.92,
1.00,
0.82,
0.90,
0.70,
0.91,
0.80,
0.62,
0.91,
0.93,
0.82,
0.82,
1.00,
0.94,
1.00,
1.00,
0.89,
1.00,
1.00,
0.88,
0.94,
0.82,
0.91,
0.92,
0.82,
0.93,
0.67,
0.93,
0.92,
0.85,
0.94,
0.92,
1.00,
0.94,
0.86,
0.93,
0.94,
0.93,
0.93,
1.00,
0.88,
0.88,
0.94,
1.00,
0.83,
1.00,
0.87,
0.88,
0.93,
0.88,
1.00,
0.92,
1.00,
1.00,
0.92,
0.82,
0.93,
0.88,
1.00,
0.95,
0.85,
1.00,
0.89,
0.87,
0.89,
0.89,
0.92,
1.00,
1.00,
0.93,
0.73,
0.94,
0.95,
0.94,
0.92,
0.96,
0.93,
0.88,
0.93,
0.83,
0.90,
1.00,
0.80,
0.88,
1.00,
0.80,
1.00,
0.94,
0.86,
1.00,
1.00,
0.91,
0.93,
1.00,
0.90,
1.00,
0.82,
0.93,
0.94,
0.93,
1.00,
0.67,
1.00,
1.00,
0.87,
1.00,
1.00,
0.95,
0.95,
1.00,
0.95,
1.00,
1.00,
0.92,
0.95,
1.00,
0.95,
0.93,
0.94,
1.00,
1.00,
0.95,
0.94,
0.93,
0.77,
0.96,
1.00,
0.95,
0.96,
1.00,
0.94,
1.00,
0.94,
0.94,
1.00,
1.00,
1.00,
0.96,
0.95,
1.00,
0.91,
0.89,
0.95,
0.95,
1.00,
0.95,
0.87,
1.00,
0.67,
0.94,
0.93,
0.83,
1.00,
0.95,
1.00,
0.95,
1.00,
1.00,
0.95,
1.00,
1.00,
0.94,
0.95,
1.00,
0.96,
0.96,
1.00,
1.00,
0.94,
0.94,
0.79,
0.90,
0.94,
1.00,
1.00,
0.85,
1.00,
0.85,
0.96,
1.00,
1.00,
0.92,
1.00,
0.96,
0.89,
0.96,
1.00,
0.93,
1.00,
0.93,
1.00,
1.00,
0.94,
0.94,
0.96,
1.00,
0.94,
0.90,
0.92,
1.00,
1.00,
1.00,
0.94,
1.00,
0.92,
0.95,
0.97,
1.00,
0.85,
0.95,
0.77,
0.95,
0.93,
1.00,
1.00,
1.00,
0.95,
1.00,
1.00,
0.95,
1.00,
0.94,
0.95,
1.00,
0.88,
0.93,
0.94,
0.96,
1.00,
0.94,
1.00,
1.00,
0.85,
0.96,
1.00,
0.93,
0.93,
0.94,
0.92,
0.87,
0.94,
0.82,
1.00,
0.94,
0.96,
0.88,
0.97,
0.83,
0.90,
0.86,
0.94,
0.91,
0.96,
0.78,
0.92,
0.92,
0.95,
0.85,
0.95,
0.93,
1.00,
1.00,
0.82,
0.67,
0.95,
0.77,
0.33,
1.00,
0.89,
0.82,
0.81,
0.92,
0.86,
0.94,
0.77,
0.82,
0.86,
0.64,
0.87,
0.92,
0.90,
0.86,
1.00,
0.92,
0.83,
0.94,
0.92,
0.86,
0.79,
0.70,
0.88,
0.73,
0.60,
0.88,
1.00,
0.50,
0.82,
0.82,
0.75,
0.92,
0.88,
0.67,
0.73,
0.73,
0.80,
1.00,
0.88,
0.88,
0.67,
0.80,
0.69,
0.93,
0.82,
0.85,
1.00,
0.87,
0.85,
0.85,
0.75,
1.00,
0.78,
0.80,
0.82,
0.95,
0.82,
0.67,
0.83,
0.85,
0.62,
0.94,
0.70,
0.94,
0.81,
0.91,
0.56,
0.86,
0.62,
0.86,
0.89,
0.93,
0.94,
0.75,
0.94,
0.93,
1.00,
0.93,
0.88,
0.83,
0.91,
0.93,
0.67,
0.79,
0.67,
0.70,
0.95,
0.83,
0.92,
0.92,
0.92,
0.73,
0.93,
0.70,
0.88,
0.90,
0.88,
0.75,
0.62,
0.75,
0.88,
0.83,
0.86,
0.93,
0.92,
0.95,
1.00,
0.93,
0.79,
0.93,
1.00,
0.92,
0.89,
0.88,
0.93,
0.87,
0.85,
0.67,
0.85,
0.92,
0.88,
1.00,
0.70,
0.84,
1.00,
0.80,
0.60,
0.80,
0.77,
0.85,
0.94,
1.00,
0.62,
0.95,
0.90,
0.94,
0.94,
0.67,
1.00,
0.92,
0.73,
0.75,
0.85,
0.93,
0.95,
0.88,
0.88,
0.79,
0.91,
0.80,
0.88,
0.94,
1.00,
1.00,
0.77,
0.88,
0.75,
0.87,
0.77,
0.94,
0.78,
0.80,
0.89,
0.57,
0.91,
0.94,
0.88,
0.70,
0.67,
0.62,
0.75,
0.88,
1.00,
0.77,
0.82,
0.89,
0.77,
0.94,
0.92,
0.92,
0.91,
1.00,
0.67,
0.78,
0.94,
0.83,
0.73,
0.87,
0.80,
1.00,
1.00,
1.00,
1.00,
1.00,
0.94,
0.88,
0.94,
0.81,
0.92,
0.92,
0.80,
0.95,
0.73,
0.85,
0.87,
0.80,
0.87,
1.00,
0.96,
0.87,
0.89,
0.79,
0.88,
0.70,
0.82,
0.75,
0.87,
0.79,
0.73,
1.00,
0.80,
0.60,
0.82,
1.00,
1.00,
1.00,
0.94,
0.83,
0.67,
0.86,
0.82,
0.80,
0.94,
0.82,
0.85,
0.92,
0.80,
0.86,
0.78,
0.87,
0.82,
0.92,
1.00,
0.92,
0.75,
1.00,
1.00,
0.90,
1.00,
0.94,
0.89,
0.86,
0.94,
1.00,
0.92,
0.67,
0.92,
0.87,
0.62,
0.86,
0.80,
0.93,
0.93,
0.83,
1.00,
0.60,
0.85,
0.86,
0.67,
0.86,
0.79,
0.86,
0.95,
0.85,
0.80,
1.00,
0.75,
0.64,
0.94,
0.70,
0.70,
0.80,
0.86,
0.93,
0.77,
0.93,
0.85,
0.92,
0.86,
0.93,
0.70,
0.77,
0.89,
0.88,
0.79,
0.57,
1.00,
0.92,
0.91,
0.94,
0.90,
1.00,
0.75,
0.87,
0.60,
0.94,
0.92,
0.82,
0.85,
0.95,
1.00,
0.83,
0.71,
0.60,
0.94,
0.71,
0.75,
0.85,
0.83,
0.83,
0.71,
0.83,
0.80,
0.73,
0.87,
0.94,
0.83,
0.87,
0.71,
0.85,
0.90,
0.95,
0.96,
0.89,
0.83,
0.86,
0.85,
0.80,
0.91,
0.92,
0.94,
0.80,
0.83,
0.82,
0.85,
0.94,
0.85,
0.86,
0.96,
0.93,
0.77,
1.00,
0.82,
0.91,
0.80,
0.88,
0.80,
0.92,
0.84,
0.89,
0.87,
0.86,
0.93,
0.82,
1.00,
0.89,
0.73,
0.69,
0.89,
0.91,
0.64,
0.93,
0.89,
0.85,
0.57,
0.88,
0.94,
1.00,
0.93,
0.85,
0.85,
0.89,
0.92,
0.85,
0.87,
0.90,
0.92,
0.86,
0.87,
1.00,
0.88,
0.67,
0.75,
0.80,
0.83,
0.83,
0.71,
0.67,
1.00,
0.89,
1.00,
0.95,
0.82,
0.82,
0.88,
0.75,
0.86,
0.83,
0.93,
0.89,
0.88,
1.00,
0.92,
0.91,
0.79,
0.88,
0.78,
0.69,
0.70,
0.60,
0.93,
0.62,
0.70,
1.00,
0.88,
0.50,
0.80,
0.93,
0.88,
1.00,
0.90,
0.78,
0.69,
0.73,
0.73,
0.83,
0.80,
0.87,
0.95,
0.85,
0.82,
1.00,
1.00,
0.92,
0.93,
0.89,
0.94,
0.96,
0.80,
0.86,
0.89,
0.82,
0.86,
0.93,
0.86,
0.92,
0.83,
0.96,
0.91,
1.00,
0.92,
0.90,
0.64,
1.00,
1.00,
0.83,
0.89,
1.00,
0.88,
0.73,
0.67,
0.85,
0.93,
0.69,
0.85,
0.80,
0.80,
0.83,
0.75,
0.75,
0.79,
0.85,
0.57,
0.57,
0.82,
0.91,
0.83,
0.95,
0.75,
0.56,
0.85,
0.79,
0.94,
0.95,
0.60,
0.95,
0.87,
0.89,
0.70,
0.88,
0.75,
0.92,
0.83,
0.93,
0.85,
0.82,
0.91,
0.82,
1.00,
0.86,
0.80,
0.93,
0.73,
0.73,
0.89,
1.00,
0.85,
0.87,
0.75,
0.89,
0.93,
0.94,
0.95,
0.75,
0.50,
0.86,
0.80,
0.82,
0.86,
0.94,
0.94,
1.00,
0.92,
0.93,
0.83,
0.92,
0.88,
0.92,
0.64,
1.00,
0.91,
0.89,
0.93,
0.93,
0.89,
0.87,
0.86,
0.89,
0.73,
0.80,
0.88,
0.95,
0.85,
0.94,
0.70,
0.90,
0.89,
0.91,
0.94,
0.92,
0.70,
0.62,
0.80,
0.75,
0.70,
0.92,
0.88,
0.73,
0.86,
0.82,
1.00,
1.00,
0.93,
1.00,
0.83,
0.95,
0.83,
0.77,
0.89,
0.94,
1.00,
1.00,
1.00,
0.85,
0.86,
0.94,
0.85,
0.80,
0.86,
0.64,
1.00,
0.75,
0.77,
1.00,
0.86,
0.92,
0.82,
0.80,
0.94,
0.62,
0.88,
0.75,
0.92,
0.92,
0.92,
0.88,
0.67,
0.95,
0.82,
1.00,
0.91,
0.79,
0.78,
1.00,
0.78,
0.94,
0.70,
0.70,
0.91,
0.89,
0.91,
0.85,
0.87,
0.92,
0.85,
0.62,
0.87,
0.94,
0.77,
0.70,
0.94,
0.57,
0.83,
0.93,
0.77,
0.79,
0.92,
0.87,
0.91,
0.67,
0.94,
0.89,
0.88,
0.78,
0.83,
0.77,
0.90,
0.93,
0.95,
0.95,
0.67,
0.67,
0.92,
0.87,
0.90,
0.77,
0.80,
0.85,
0.94,
0.88,
0.75,
0.93,
0.93,
0.79,
0.92,
0.83,
0.75,
0.70,
0.95,
0.83,
